109042
109108
109174
109240
109306
109372
109438
109504
109570
109636
109702
109768
109834
109900
109966
110032
110098
110164
110230
110296
110362
110428
110494
110560
110626
110692
110758
110824
110890
110956
111022
111088
111154
111220
111286
111352
111418
111484
111550
111616
111682
111748
111814
111880
111946
112012
112078
112144
112210
112276
112342
112408
112474
112540
112606
112672
112738
112804
112870
112936
113002
113068
113134
113200
113266
113332
113398
113464
113530
113596
113662
113728
113794
113860
113926
113992
114058
114124
114190
114256
114322
114388
114454
114520
114586
114652
114718
114784
114850
114916
114982
115048
115114
115180
115246
115312
115378
115444
115510
115576
115642
115708
115774
115840
115906
115972
116038
116104
116170
116236
116302
116368
116434
116500
116566
116632
116698
116764
116830
116896
116962
117028
117094
117160
117226
117292
117358
117424
117490
117556
117622
117688
117754
117820
117886
117952
118018
118084
118150
118216
118282
118348
118414
118480
118546
118612
118678
118744
118810
118876
118942
119008
119074
119140
119206
119272
119338
119404
119470
119536
119602
119668
119734
119800
119866
119932
119998
120064
120130
120196
120262
120328
120394
120460
120526
120592
120658
120724
120790
120856
120922
120988
121054
121120
121186
121252
121318
121384
121450
121516
121582
121648
121714
121780
121846
121912
121978
122044
122110
122176
122242
122308
122374
122440
122506
122572
122638
122704
122770
122836
122902
122968
123034
123100
123166
123232
123298
123364
123430
123496
123562
123628
123694
123760
123826
123892
123958
124024
124090
124156
124222
124288
124354
124420
124486
124552
124618
124684
124750
124816
124882
124948
125014
125080
125146
125212
125278
125344
125410
125476
125542
125608
125674
125740
125806
125872
125938
126004
126070
126136
126202
126268
126334
126400
126466
126532
126598
126664
126730
126796
126862
126928
126994
127060
127126
127192
127258
127324
127390
127456
127522
127588
127654
127720
127786
127852
127918
127984
128050
128116
128182
128248
128314
128380
128446
128512
128578
128644
128710
128776
128842
128908
128974
129040
129106
129172
129238
129304
129370
129436
129502
129568
129634
129700
129766
129832
129898
129964
130030
130096
130162
130228
130294
130360
130426
130492
130558
130624
130690
130756
130822
130888
130954
131020
131086
131152
131218
131284
131350
131416
131482
131548
131614
131680
131746
131812
131878
131944
132010
132076
132142
132208
132274
132340
132406
132472
132538
132604
132670
132736
132802
132868
132934
133000
133066
133132
133198
133396
133726
133990
133990
134056
134122
134188
134254
134320
134386
134452
134518
134584
134650
134716
134782
134848
134914
134980
135046
135112
135178
135244
135310
135376
135442
135508
135574
135640
135706
135772
135838
135904
135970
136036
136102
136168
136234
136300
136366
136432
136498
136564
136630
136696
136762
136828
136894
136960
137026
137092
137158
137224
137290
137356
137422
137488
137554
137620
137686
137752
137818
137884
137950
138016
138082
138148
138214
138280
138346
138412
138478
138544
138610
138676
138742
138808
138874
138940
139006
139072
139138
139204
139270
139336
139402
139468
139534
139600
139666
139732
139798
139864
139930
139996
140062
140128
140194
140260
140326
140392
140458
140524
140590
140656
140722
140788
140854
140920
140986
141052
141118
141184
141250
141316
141382
141448
141514
141580
141646
141712
141778
141844
141910
141976
142042
142108
142174
142240
142306
142372
142438
142504
142570
142636
142702
142768
142834
142900
142966
143032
143098
143164
143230
143296
143362
143428
143494
143560
143626
143692
143758
143824
143890
143956
144022
144088
144154
144220
144286
144352
144418
144484
144550
144616
144682
144748
144814
144880
144946
145012
145078
145144
145210
145276
145342
145408
145474
145540
145606
145672
145738
145804
145870
145936
146002
146068
146134
146200
146266
146332
146398
146464
146530
146596
146662
146728
146794
146860
146926
146992
147058
147124
147190
147256
147322
147388
147454
147520
147586
147652
147718
147784
147850
147916
147982
148048
148114
148180
148246
148312
148378
148444
148510
148576
148642
148708
148774
148840
148906
148972
149038
149104
149170
149236
149302
149368
149434
149500
149566
149632
149698
149764
149830
149896
149962
150028
150094
150160
150226
150292
150358
150424
150490
150556
150622
150688
150754
150820
150886
150952
151018
151084
151150
151216
151282
151348
151414
151480
151546
151612
151678
151744
151810
151876
151942
152008
152074
152140
152206
152272
152338
152404
152470
152536
152602
152668
152734
152800
152866
152932
152998
153064
153130
153196
153262
153328
153394
153460
153526
153592
153658
153724
153790
153856
153922
153988
154054
154120
154186
154252
154318
154384
154450
154516
154582
154648
154714
154780
154846
154912
154978
155044
155110
155176
155242
155308
155374
155440
155506
155572
155638
155704
155770
155836
155902
155968
156034
156100
156166
156232
156298
156364
156430
156496
156562
156628
156694
156760
156826
156892
156958
157024
157090
157156
157222
157288
157354
157420
157486
157552
157618
157684
157750
157816
157882
157948
158014
158080
158146
158212
158278
158344
158410
158476
158542
158608
158674
158740
158806
158872
158938
159004
159070
159136
159202
159268
159334
159400
159466
159532
159598
159664
159730
159796
159862
159928
159994
160060
160126
160192
160258
160324
160390
160456
160522
160588
160654
160720
160786
160852
160918
160984
161050
161116
161182
161248
161314
161380
161446
161512
161578
161644
161710
161776
161842
161908
161974
162040
162106
162172
162238
162304
162370
162436
162502
162568
162634
162700
162766
162832
162898
162964
163030
163096
163162
163228
163294
163360
163426
163492
163558
163624
163690
163756
163822
163888
163954
164020
164086
164152
164218
164284
164350
164416
164482
164548
164614
164680
164746
164812
164878
164944
165010
165076
165142
165208
165274
165340
165406
165472
165538
165604
165670
165736
165802
165868
165934
166000
166066
166132
166198
166264
166330
166396
166462
166528
166594
166660
166726
166792
166858
166924
166990
167056
167122
167188
167254
167320
167386
167452
167518
167584
167650
167716
167782
167848
167914
167980
168046
168112
168178
168244
168310
168376
168442
168508
168574
168640
168706
168772
168838
168904
168970
169036
169102
169168
169234
169300
169366
169432
169498
169564
169630
169696
169762
169828
169894
169960
170026
170092
170158
170224
170290
170356
170422
170488
170554
170620
170686
170752
170818
170884
170950
171016
171082
171148
171214
171280
171346
171412
171478
171544
171610
171676
171742
171808
171874
171940
172006
172072
172138
172204
172270
172336
172402
172468
172534
172600
172666
172732
172798
172864
172930
172996
173062
173128
173194
173326
174052
174052
174118
174184
174250
174316
174382
174448
174514
174580
174646
174712
174778
174844
174910
174976
175042
175108
175174
175240
175306
175372
175438
175504
175570
175636
175702
175768
175834
175900
175966
176032
176098
176164
176230
176296
176362
176428
176494
176560
176626
176692
176758
176824
176890
176956
177022
177088
177154
177220
177286
177352
177418
177484
177550
177616
177682
177748
177814
177880
177946
178012
178078
178144
178210
178276
178342
178408
178474
178540
178606
178672
178738
178804
178870
178936
179002
179068
179134
179200
179266
179332
179398
179464
179530
179596
179662
179728
179794
179860
179926
179992
180058
180124
180190
180256
180322
180388
180454
180520
180586
180652
180718
180784
180850
180916
180982
181048
181114
181180
181246
181312
181378
181444
181510
181576
181642
181708
181774
181840
181906
181972
182038
182104
182170
182236
182302
182368
182434
182500
182566
182632
182698
182764
182830
182896
182962
183028
183094
183160
183226
183292
183358
183424
183490
183556
183622
183688
183754
183820
183886
183952
184018
184084
184150
184216
184282
184348
184414
184480
184546
184612
184678
184744
184810
184876
184942
185008
185074
185140
185206
185272
185338
185404
185470
185536
185602
185668
185734
185800
185866
185932
185998
186064
186130
